6
UDLA Park
7
2025-07-01 19.1 41.7 433.4 15.0 36.9 22.4 57.8 15.8
2025-07-02 31.2 41.4 570.5 14.5 28.1 12.7 56.1 9.1
2025-07-03 34.5 49.2 482.7 8.6 39.1 15.4 50.2 5.3
2025-07-04 24.2 33.2 542.1 16.6 31.8 19.5 54.7 17.6
2025-07-05 32.1 38.8 586.9 16.2 26.7 14.9 73.5 19.4
2025-07-06 25.3 36.1 532.2 8.3 37.3 11.4 64.1 11.1
2025-07-07 20.3 51.8 554.7 9.4 36.2 15.7 73.7 15.9
Parque La Carolina
7
2025-07-01 27.3 39.1 552.9 7.8 11.6 13.5 79.0 9.2
2025-07-02 23.8 35.6 504.0 14.2 16.4 24.8 64.6 15.5
2025-07-03 24.0 37.9 437.0 10.0 10.6 15.1 59.3 14.8
2025-07-04 17.9 27.3 408.4 5.4 25.6 24.0 66.6 7.6
2025-07-05 28.1 45.8 494.4 8.9 12.6 17.3 63.7 13.8
2025-07-06 26.8 53.2 492.9 9.1 13.3 16.5 63.9 15.8
2025-07-07 25.4 28.0 597.7 10.6 27.3 13.6 72.1 14.5
Mitad del Mundo
7
2025-07-01 27.4 42.2 427.0 17.9 17.7 22.3 79.7 6.2
2025-07-02 33.6 34.0 516.1 8.6 25.5 11.7 75.5 17.4
2025-07-03 18.1 30.2 535.0 15.0 24.1 22.4 66.6 18.0
2025-07-04 25.7 44.1 400.7 13.7 25.7 23.7 65.3 8.3
2025-07-05 29.5 45.9 420.9 5.8 32.1 23.8 62.2 9.6
2025-07-06 25.6 38.0 441.3 11.8 10.0 14.1 66.2 5.5
2025-07-07 16.0 30.9 562.4 18.7 34.8 13.3 79.5 19.1
El Panecillo
7
2025-07-01 15.2 30.0 429.1 13.6 17.4 17.0 59.6 7.1
2025-07-02 29.8 34.9 566.8 8.4 28.1 18.4 55.3 9.9
2025-07-03 16.8 28.8 490.0 8.8 22.7 11.7 62.8 9.3
2025-07-04 19.8 53.3 580.7 7.1 31.0 11.7 51.3 11.4
2025-07-05 25.9 36.6 493.5 10.1 30.0 24.9 51.9 10.6
2025-07-06 34.8 25.3 422.4 10.8 24.4 15.9 78.9 5.2
2025-07-07 34.5 33.5 509.3 14.3 32.3 18.7 71.4 10.3
Centro Historico
7
2025-07-01 19.8 25.0 545.8 6.8 28.0 24.6 59.8 18.1
2025-07-02 33.9 34.8 400.9 5.7 17.2 17.2 73.8 19.2
2025-07-03 18.8 42.9 419.0 15.7 25.8 14.1 51.5 13.8
2025-07-04 30.6 36.1 420.2 13.4 37.2 20.5 72.8 19.6
2025-07-05 31.2 33.6 487.5 13.3 26.9 14.2 64.4 11.6
2025-07-06 23.1 44.8 432.2 10.1 22.1 24.9 75.7 17.6
2025-07-07 24.2 33.9 507.5 11.2 30.0 21.0 50.3 6.9
sa
5
2011-12-05 21.1 53.8 540.1 8.9 35.5 17.3 70.2 13.5
2024-02-01 33.2 33.5 508.8 12.6 21.7 15.7 73.2 8.2
2025-07-06 31.9 30.4 572.1 13.9 27.6 22.9 76.8 9.2
2025-07-07 17.5 30.5 543.4 9.9 34.1 16.2 64.5 11.0
2025-07-08 26.8 40.3 413.9 17.3 17.9 14.6 68.7 12.9
